1844
1451
358
123
707
2452
629
1989
373
983
755
1867
1845
39
787
1178
680
772
1926
1579
1405
588
282
1382
2250
1350
1235
2216
1389
706
1705
802
293
1359
343
371
230
366
408
1296
219
1612
433
80
840
1103
1192
511
1491
2042
1750
443
2400
2252
493
1783
2373
683
2343
2033
527
2398
71
898
1249
622
392
2324
387
2251
1731
2071
2011
288
2039
2297
2306
2468
1292
1458
1667
21
355
69
1967
1096
178
2300
2385
1821
2082
2263
1360
513
26
117
299
1016
615
1857
1595
112
2226
2424
1905
1555
2054
1252
399
999
1584
2260
1728
671
938
2089
2159
580
1687
385
2173
543
1243
119
531
1077
1726
2439
447
2063
1057
2212
607
808
1411
2000
5
1957
383
1177
1966
2241
1546
1892
918
1332
249
1456
575
2291
1448
492
1928
547
610
255
1653
1585
541
497
2177
2453
476
963
2199
2480
781
323
606
2407
449
1424
1094
811
1599
2066
2180
763
618
2176
894
1285
713
2313
1371
946
1697
107
1759
1724
19
572
1128
2061
2446
2459
2114
1523
444
2378
1907
800
1694
1755
269
900
943
1746
221
1586
131
322
278
448
1384
1467
1479
2125
1117
286
348
836
276
1064
491
2307
666
111
1084
384
238
346
151
1542
1557
674
1903
1940
1186
1345
1346
1806
822
2463
659
2359
931
2001
1022
1899
516
2341
1558
1227
2076
703
1927
396
146
883
1039
350
1749
621
2187
1387
1757
2473
61
1351
1258
1751
651
571
68
1445
462
412
2141
1460
2289
1879
1325
157
966
1663
1301
585
1268
2195
1630
1714
2167
1865
466
2316
643
1322
654
749
1377
1598
631
2041
179
259
121
1713
1792
210
1455
669
424
1127
563
689
957
170
465
869
2198
2052
95
1754
1662
553
1796
47
1136
125
1041
1442
227
191
2270
1904
1406
264
620
352
895
1336
130
347
167
821
1606
1203
1510
223
1473
1547
306
565
1244
2401
1143
66
303
417
735
2423
11
2009
504
738
1988
1095
1388
1912
690
1310
437
1106
1421
1856
1375
156
1943
2050
1402
86
2420
2409
573
1494
267
1250
657
1440
233
1798
297
1730
166
1979
2419
2105
1692
830
1686
557
926
1737
489
2245
2331
624
2184
2449
1021
1124
2237
455
1241
1741
1044
2057
2361
682
1055
1717
2431
284
1438
2465
939
127
1429
198
1319
733
410
2043
687
60
1700
287
1624
1607
271
1174
1410
75
528
1188
1193
1496
1006
2144
753
2277
1677
2117
849
1295
1963
1503
1130
839
902
104
1212
1779
1015
1782
1050
340
2408
1781
2056
1313
92
1835
177
1842
1507
1083
2021
2454
1362
976
1324
353
1342
1034
1722
524
1674
2120
1924
2172
1323
144
2014
1896
864
2368
2311
2080
419
2169
1645
1723
719
1826
1986
8
1543
1789
1457
2036
1527
1561
1715
2273
97
1643
696
679
1639
468
1278
947
1587
240
1637
2065
1680
1994
1980
2156
501
1430
884
2242
1195
2189
1052
994
2389
2020
320
826
250
1695
2481
1933
1367
1028
1302
798
500
1951
32
199
2312
116
850
2329
750
1415
1133
1765
1441
180
1338
1864
351
1012
1876
937
1276
220
813
861
105
860
2062
964
460
896
388
70
1273
453
1577
2213
1067
1221
2290
760
1120
1283
452
2319
1361
2174
1280
909
1886
161
2471
842
294
1797
977
1180
1432
1791
985
2134
592
1214
1544
555
109
1889
307
743
354
326
1681
1499
324
1862
751
402
924
2178
1175
498
1046
90
1213
1417
1873
590
2067
762
677
57
1901
1832
1540
1565
673
989
1962
627
1831
1517
1893
796
670
1870
89
1085
2292
612
84
996
1277
935
1426
967
73
655
149
1802
1800
1939
2030
1318
523
986
1222
2370
589
2381
691
270
2303
2069
2028
1936
866
630
2006
1370
189
1069
1514
2158
1895
1875
1921
2075
2191
2285
1690
1917
518
1915
1771
2388
1092
1317
2096
2475
380
118
44
1112
1116
2275
114
765
1395
675
503
1772
1537
1364
2150
2152
1535
1469
1950
332
2451
1058
1161
2221
533
225
1483
1111
2012
1682
611
747
1834
1920
526
1481
1145
1242
195
1355
1623
1881
115
1784
165
1454
472
252
1190
1123
530
1652
804
1770
459
313
1777
2186
1820
1843
280
1536
1299
2217
196
591
746
532
1878
603
14
699
1568
1972
2261
257
1839
635
2231
2113
483
20
525
628
773
831
248
737
1925
247
155
797
1447
2194
1368
1739
1320
2466
1226
688
1162
464
2018
1169
140
1354
159
1636
274
876
704
734
1795
1956
2168
649
1837
1352
508
1742
335
1480
183
502
1752
266
1644
1600
1748
484
1121
339
1805
197
1328
1812
1072
1520
774
12
2170
1678
1105
2017
260
2259
1010
1462
1201
108
1093
661
2461
1408
1868
519
1871
1144
686
273
2234
1061
2287
928
1381
1000
748
1693
809
136
1289
1461
930
1048
435
961
1392
1230
711
1958
54
1666
1261
308
2161
586
2295
243
881
2200
2369
505
1548
2088
723
1900
841
467
212
948
425
868
2007
2083
2470
1602
2349
2322
933
62
2254
2340
395
2024
1671
292
2448
2266
2299
2155
1735
940
1225
1909
756
16
650
2122
2425
328
2142
2059
582
1567
1487
728
1024
600
848
2095
632
855
788
2078
1762
10
1254
2209
2469
1049
1965
2347
845
1018
124
521
568
979
81
432
1847
1321
2229
344
1818
2239
1990
1808
2372
2305
1403
1773
1263
561
1229
1984
2100
1017
1588
2293
506
1859
1976
1813
1804
1172
1511
877
1412
2309
